-0.025501158
0.005362423
-0.02567593
-0.0052828244
0.070664674
-0.02069934
-0.0011249881
-0.014517325
0.06427724
0.0048787287
-0.013538932
0.04367143
0.006731253
-0.008847347
0.019507542
0.015874311
0.03210277
0.01433813
-0.0153968185
-0.025121259
-0.009973958
0.043128792
-0.006891294
-0.01359625
-0.010348464
0.008832112
-0.012516203
-0.0007111164
-0.027336432
0.008519983
-0.018694555
0.019703545
0.004813911
0.0075636758
-0.008280035
-0.0551376
0.025284037
0.02740066
-0.050238647
-0.010025002
0.037057657
-0.066825226
-0.0007192622
-0.023117173
0.008929401
-0.01146748
0.014715546
0.03934593
-0.011557771
0.016361672
0.021561382
0.00074657734
-0.03150475
-0.041412033
-0.024327137
-0.018587504
-0.048489347
0.038459502
0.008552517
0.021399017
0.03450649
0.05174998
0.0049836924
0.04052943
-0.06280557
0.084267154
-0.030052654
-0.011607492
0.04405105
-0.014765992
0.055575777
-0.012684446
-0.06990123
-0.058283433
0.031371973
-0.0019192527
0.00896355
-0.0040827645
0.0012576176
0.011250899
-0.044542596
-0.00229953
-0.0011582487
0.010360655
-0.05107062
-0.018968966
-0.017468525
0.0470849
0.026927387
0.016484294
0.03025608
-0.013876952
0.02978178
0.01817438
-0.03281025
-0.008253729
0.07352437
-0.00113043
0.0592523
-0.059816107
0.004801172
0.018365186
-0.071977034
0.025704147
-0.001470589
-0.032893408
0.0004225174
0.04474053
0.01347034
0.043767534
-0.023473416
-0.029882157
0.0045180325
-0.0077781677
0.021202736
-0.014901737
0.021148317
0.019714259
-0.012321317
-0.042481095
0.036556695
0.04065628
-0.019435072
0.04745609
-0.02595631
0.050010853
0.0534515
0.01908149
0.032547235
-0.0059167673
0.0129866935
0.022486674
0.0102007445
-0.021992799
-0.0014525042
-0.021754239
0.04669618
0.053138684
0.024454653
-0.00995671
-0.030441249
-0.01131452
-0.049015906
-0.008589053
-0.026653737
0.03401558
-0.025981003
-0.013209697
0.013377369
0.043144777
-0.034907714
0.027978336
-0.017019112
0.02497636
0.023648346
0.046102174
-0.008948036
0.039580047
-0.025435193
-0.01942228
-0.071493715
-0.018352903
0.02177128
0.015474696
0.021142723
0.060022473
-0.0048201233
0.0041451924
0.03093011
-0.01927436
0.0048797615
0.007870901
0.019259306
-0.0020735138
0.052604835
-0.036536247
-0.03218941
-0.011393242
0.0015873157
0.03389552
0.0464458
-0.013191487
0.06933264
0.06387336
-0.0070472485
0.018876106
-0.0024330558
0.022422396
-0.027528608
-0.05152935
-0.021709036
-0.017118692
-0.028676119
-0.09003786
-0.022300074
0.042236995
6.112532e-05
0.007841907
-0.008709861
-0.010484041
-0.015068314
-0.03109277
0.028916614
-0.029221557
0.02367001
-0.008579303
0.008041269
0.029865466
0.010233388
0.041193686
0.060139578
0.008413634
-0.021542184
0.020790521
0.014366869
0.048369076
0.008626315
0.02267982
-0.0075337477
-0.0025064186
-0.030057898
-0.0032983515
-0.022787685
-0.061662506
0.018624593
-0.033990994
0.072212584
-0.012484524
0.0020286166
-0.018281339
0.015672617
-0.009927961
-0.038474265
0.013306654
0.050763756
-0.024989283
-0.039730307
-0.048140213
-0.017894585
0.0017246938
0.023368567
-0.035608534
-0.006929947
0.043895505
0.022896959
-0.03958604
0.03177986
-0.023334634
-0.008923361
-0.032136172
0.02592643
-0.053468067
-0.011158492
0.0006280236
-0.0065107974
-0.034412038
-0.027980428
0.0008846654
-0.0055158027
-0.028684763
0.024735076
0.02127386
-0.04304243
-0.0400391
-0.03330447
-0.048199393
-0.03608989
0.036547642
0.030821294
-0.0043724533
-0.018359104
-0.029504566
0.0067430483
0.042138457
-0.06525544
-0.018531837
-0.032573216
0.05190255
-0.021856964
-0.020857709
-0.040217932
0.013928664
-0.038601916
-0.0034669046
0.0277375
-0.018350095
-0.0058811135
-0.0113244
0.00056851865
0.066423304
0.031682294
0.040519334
-0.032372452
0.063818745
0.03799601
0.005005235
0.02770799
0.014616647
0.025556484
0.04532283
-0.03191978
0.033314735
-0.032781176
-0.010509233
0.028566906
-0.0025413956
-0.017256506
-0.044903785
-0.02148771
0.0169374
-0.0037926033
0.0160402
0.063299276
0.012844771
-0.0026952445
-0.05230654
0.029000837
-0.07465985
-0.0010296213
-0.03630189
-0.034594025
-0.049410257
0.018389152
0.007536158
-0.018776461
0.05970972
0.021295963
0.049083937
0.02494011
-0.0057602893
0.04479927
0.014195768
0.00527952
-0.025090018
0.026578777
0.021563396
-0.008839841
0.001817811
-0.04803193
-0.041222688
-0.049843274
0.06508295
-0.0015366402
0.017627016
0.035856575
0.0036467735
-0.031162499
-0.04970244
0.026664497
0.02196987
0.043100666
0.019305535
0.020738263
-0.04449223
-0.043889422
-0.019102035
-0.0022809827
-0.036305007
0.033793237
0.0010961719
0.027377186
0.03134031
-0.0010310254
-0.055729307
-0.004500117
-0.03365637
-0.045484833
0.009768329
-0.024355663
0.01672537
0.009427242
0.07979395
0.04263254
0.021736318
-0.011381461
0.014092377
0.07594926
-0.03516568
0.0023520112
0.036562297
0.013990905
0.09038596
0.014865863
-0.031588238
-0.007039332
0.013879119
0.009285322
5.915652e-05
0.021579407
0.0006386817
0.08525148
-0.0034781483
-0.015142292
0.0071462085
-0.00623342
-0.017233588
0.01482708
0.013075659
-0.014506455
0.0793951
0.057809427
-0.016773699
-0.013863124
-0.01763442
-0.018856328
-0.044044804
-0.0574575
-0.03545239
-0.027413554
-0.00077458384
0.06646788
0.023473207
-0.0042055678
-0.006856206
0.046513032
-0.009071536
-0.046911597
0.016311826
0.08327496
0.0070908694
-0.029123176
-0.009467372
-0.015983274
-0.025433443
-0.013103935
0.02770885
0.020529607
-0.019940453
0.03023795
0.015801927
-0.059062775
-0.05659621
-0.013821085
0.017509602
-0.022159977
-0.045149636
-0.017267806
-0.057883896
0.0030356434
0.0004687571
-0.023525668
-0.00439802
-0.011559989
-0.052512154
-0.019770801
-0.007244851
-0.06408812
-0.011916676
0.022507176
-0.033925246
0.023422401
0.022538323
0.038552675
0.019911177
-0.05721027
-0.0053784046
-0.041319557
0.005912975
0.023394067
-0.0024703
0.03094096
0.008633616
0.005360152
0.01935567
-0.024569014
0.060197677
-0.018744776
-0.029157812
-0.04848617
0.0071612108
0.01705934
-0.018571906
-0.019485326
-0.006563057
-0.014584486
-0.0023216784
0.030069914
-0.009645517
0.042803638
-0.03158332
0.002645416
0.029433921
0.014048639
-0.053862028
-0.018425995
-0.03657451
0.022852097
0.01207519
0.06477921
-0.04488733
-0.0021894355
0.07125536
-0.038885027
-0.014096103
0.05088533
-0.01719654
0.027323466
0.0041759964
0.034735583
0.0075905793
0.010713482
-0.011865701
0.004626889
0.01734682
-0.021477783
0.0060230214
-0.003402718
0.03534842
-0.019320834
-0.07467331
-0.044308525
-0.03292703
-0.005847399
0.029707521
0.041275367
0.005237915
-0.03027287
-0.016692635
0.018572561
-0.014902066
-0.005005612
0.03900484
0.036337532
-0.00046281697
-0.02159683
-0.02290965
-0.0020806096
-0.060157858
0.0048539913
0.01596681
0.003385019
-0.035342667
-5.0762574e-05
-0.007131912
-0.017500984
0.00692481
-0.03554611
0.013001071
-0.00032851563
-0.019499058
0.0274263
0.019248439
0.0044877934
0.04241413
-0.038332924
-0.0025290977
-0.0012503219
0.017586704
0.03292685
-0.028076231
-0.020799195
0.062356856
-0.011577654
-0.028915424
0.025662752
0.0064864857
0.004908855
-0.05450121
0.03954397
-0.008599157
-0.023006683
0.023755638
-0.07935706
-0.0042080316
0.039374262
0.04439387
-0.012858493
0.0220224
0.023408828
0.05100035
-0.051132154
0.032372344
-0.009594821
-0.019143518
0.015687648
-0.02839568
0.018580988
0.03774643
-0.05695963
0.026967442
-0.033189885
-0.006598966
-0.038456302
0.0323011
0.004144501
-0.021977676
-0.00731655
0.042624403
0.02097804
-0.024648726
-0.016847575
0.013944483
0.0059059197
-0.051539447
0.043569203
-0.010933525
0.011686715
0.00058339746
-0.0022991826
-0.042949613
0.06172736
0.008734997
0.033387255
-0.009846335
-0.006478977
0.018250104
0.0027500393
-0.0032721781
-0.025049763
0.033455677
0.035101224
-0.06920654
0.007165803
0.03285105
-0.02584676
-0.023275997
-0.024667695
-0.005687234
-0.015330275
0.020773912
0.011231777
-0.03888282
-0.005680572
0.00990376
-0.0045806626
-0.018340651
-0.04471195
-0.041206613
-0.0057323202
-0.0075129885
0.052494135
-0.006354763
0.029934697
-0.055820525
0.007577161
-0.037588704
-0.031329207
-0.009487935
0.00686171
0.021331111
-0.024805127
-0.035318643
-0.03655421
0.00037725279
-0.06826709
-0.013775761
0.0034968813
0.03148468
0.013557015
0.07777685
-0.031515818
0.035386115
0.04268943
0.019134814
-0.025959145
-0.00046847385
-0.006190445
-0.011581837
-0.0060067982
0.014594212
0.020811208
0.0064190724
0.0152947055
0.022192571
-0.033468936
-0.027155666
-0.023765558
0.043453
0.071340434
0.04591385
-0.012387443
-0.043844774
-0.08526399
0.045152746
0.025728768
0.064105846
0.012561697
-0.024790509
-0.026803141
0.0021097437
-0.046479143
0.05375186
0.025552649
-0.05102015
-0.0039858203
-0.043246623
-0.0017813938
0.006294056
-0.016042128
-0.007110689
0.014407499
0.04404134
0.027974395
-0.025153853
-0.019971807
-0.04383817
-0.011212965
-0.127194
-0.0025607422
0.0003361877
0.007843605
-0.024851635
-0.00027722493
0.025790667
-0.026421743
-0.016432911
-0.046433628
-0.02656045
-0.030034306
0.012464664
0.035335634
0.03139303
0.024499886
-0.0068596005
-0.028933534
0.008857977
-0.047392737
-0.052288033
0.04034004
-0.07338995
0.022270368
0.014329767
0.018025558
-0.0062576314
0.0028968945
0.015449997
0.03818548
-0.03229074
-0.058987718
-0.004370358
-0.04402392
-0.0019659284
0.022822589
0.05943434
-0.0013901489
-0.013400959
0.050856452
0.024081733
-0.0035975494
-0.06034146
0.009112165
0.008587722
-0.016212888
-0.015545213
-0.047235407
-0.008390819
0.034277223
0.04179877
-0.052411467
0.03230776
-0.024496181
0.019737707
-0.04988161
-0.0036885426
-0.028336337
0.00923404
0.045638666
0.004046605
-0.042334978
0.038583525
0.060950834
0.03981544
-0.014507195
-0.005308354
-0.013341527
-0.01431828
0.04405099
0.001756935
0.023441695
-0.07251726
0.014564004
0.010617687
0.022598892
-0.024826072
0.048952706
0.024155065
0.0010627783
-0.011708835
0.0071644518
0.012575771
0.046144973
0.06603727
-0.033668496
-0.030353725
-0.010129904
0.036445342
0.019271553
0.045763113
0.0037330566
0.0026863166
0.0075806696
0.018569544
0.049948975
-0.038048845
-0.03658906
0.013026525
0.053895656
-0.03934053
0.028358068
0.04187653
0.008652954
0.03315854
-0.078574814
0.017135303
0.027389336
-0.036859058
-0.0035441786
0.0028636125
0.00070946425
0.010138338
-0.024122553
-0.01801037
-0.045060847
-0.021805106
0.034802217
-0.022984002
0.021092612
0.04841386
0.060641218
0.053336106
-0.014337445
0.0014294223
-0.04549015
-0.007226526
-0.0842626
0.0489831
-0.00855953
0.035946418
0.019934937
0.03617598
0.031058405
-0.01076489
-0.03384435
0.03454438
-0.012537447
-0.010600657
-0.009579482
-0.041081443
0.0006244643
-0.013019419
-0.02535702
-0.0016247401
0.010056913
-0.036664017
0.05853074
0.033396497
0.013345795
-0.050602283
-0.005354389
0.023358423
-0.047730826
0.025668478
0.02477633
-0.03387614
0.025378644
0.02196995
0.053847965
0.021112626
0.00021982253
-0.0123274075
0.043291327
-0.05568997
0.05378511
-0.05159642
-0.0075194766
-0.034506254
-0.0046705054
-0.0010763772
-0.01522684
-0.009258193
-0.007945482
-0.023100857
-0.03606464
-0.012251063
-0.03985213
-0.020448646
0.045519665
-0.0053467373
0.018980652
-0.05758891
-0.019314885
0.02820879
-0.059395034
0.019697085
0.0082275085
0.044024576
-0.058236875
-0.0075798277
0.010750617
-0.035657316
-0.021399695
-0.0055650766
0.014591506
-0.019282501
0.014731131
0.012168241
-0.07034815
-0.006319291
0.050110843
0.020473866
-0.0021078829
0.00527194
0.026834061
-0.07458832
0.016442295
-6.363086e-05
0.027656822
-0.06715664
-0.024021177
-0.015668765
-0.01013304
0.016070686
0.0010194231
-0.029193033
0.0586391
0.019872375
-0.043333888
-0.04417965
-0.03336201
-0.039027352
-0.036124818
0.05074466
0.02583674
0.0026683602
-0.009735371
0.01667783
-0.017517827
0.03230981
-0.029270574
-0.0030341237
-0.021379624
0.012924231
-0.026861034
-0.013344088
0.017808245
0.046680868
-0.017486097
-0.012364821
-0.013021543
0.012397891
-0.016381767
0.014197508
-0.01590075
-0.033197872
-0.0122340275
-0.0030283318
-0.023582092
0.03693094
-0.0014031238
0.020645596
0.016732756
-0.0111464895
-0.0039339545
-0.026733981
0.016202405
-0.036052216
-0.020967595
0.040330056
0.047774732
0.026995469
-0.0066155954
0.011811024
0.03251297
0.057842426
0.010589731
-0.004287481
-0.03200365
0.034653403
0.03809433
0.016399901
-0.004864215
-0.02187588
-0.03140738
-0.05148363
-0.0025691947
0.035942163
0.035810057
0.012593283
0.029251529
-0.0033993938
0.032679327
0.026040664
0.033221405
0.0006928471
0.0017378622
0.0035648085
0.0011218644
0.040774163
0.012061938
0.05934928
-0.05606069
0.004661259
-0.036976736
0.027772943
0.0086449245
-0.03421369
0.0055137305
-0.0076373788
0.0045165885
0.022004765
0.014464495
-0.028245466
-0.024605755
-0.046938628
0.050443593
0.042049915
0.000976739
-0.03391552
0.05483175
0.013357075
0.024337957
0.038148142
0.024923423
0.028445324
0.009982884
-0.005425644
-0.010723283
0.00972574
0.005100205
-0.0060807443
0.023549872
0.017782269
0.022887155
-0.008918491
