-0.025434421
0.004882286
-0.024241429
-0.0046550045
0.069480866
-0.01944696
0.0011412981
-0.013816094
0.06359383
0.0048937695
-0.012111283
0.044183157
0.010247086
-0.011363206
0.019683853
0.012825486
0.03353984
0.014121192
-0.014434154
-0.022256672
-0.01091351
0.042265635
-0.0055973316
-0.015694324
-0.00763123
0.0071332525
-0.013146746
-0.0031293402
-0.025002
0.0075881397
-0.017509045
0.020310465
0.0066683623
0.010340167
-0.00992414
-0.05587187
0.025794964
0.027717771
-0.05033468
-0.009532301
0.035335053
-0.065973714
-8.29956e-05
-0.023518678
0.009032895
-0.010412632
0.017233843
0.037271984
-0.009474641
0.016578678
0.023727326
0.0021723802
-0.031356603
-0.03872117
-0.025346871
-0.020044873
-0.05002238
0.03970741
0.008886261
0.021128695
0.032444447
0.05214894
0.0061919508
0.0408273
-0.063137844
0.085498706
-0.031197703
-0.011085685
0.043612376
-0.015611241
0.05522443
-0.013622433
-0.070783004
-0.05707697
0.032113835
-0.0015187536
0.012115361
-0.0052283327
0.0016974423
0.0132040875
-0.042770505
-0.0016200991
-0.0016696894
0.008048178
-0.05062254
-0.019982962
-0.019433869
0.047233403
0.025486145
0.017101202
0.03032757
-0.01657086
0.02919646
0.016170189
-0.03641404
-0.00782477
0.07326819
-0.00013018747
0.058637507
-0.060614772
0.0025202637
0.018800177
-0.0704769
0.024052842
-0.0028915727
-0.034211993
0.0022501838
0.045537926
0.012034734
0.044376116
-0.023429176
-0.032838736
0.009351267
-0.007404521
0.02009556
-0.014679801
0.020443175
0.019833976
-0.015060722
-0.04491331
0.037281945
0.04147742
-0.01543079
0.045842182
-0.024879148
0.05075467
0.053102717
0.020495495
0.032604188
-0.003176489
0.012247343
0.022710133
0.01157392
-0.022236811
-0.0025450122
-0.020342004
0.046912853
0.053819407
0.024368178
-0.011039027
-0.030223357
-0.013500849
-0.049394503
-0.008079358
-0.026007373
0.035043184
-0.030089626
-0.012378157
0.013194678
0.043130804
-0.035421066
0.027821219
-0.018117264
0.027327688
0.022857185
0.04758522
-0.010025922
0.043501567
-0.026194127
-0.015792837
-0.07121539
-0.016713675
0.02335247
0.016922465
0.019393748
0.058442656
-0.004716441
0.004852823
0.031142846
-0.022902375
0.004931936
0.00907672
0.020185648
-0.0029117707
0.053786818
-0.037613112
-0.032525863
-0.011327847
0.0039679455
0.033090387
0.04562005
-0.016285924
0.06946606
0.06526813
-0.007854821
0.019984726
-0.005465171
0.020951165
-0.029079098
-0.055553507
-0.021500105
-0.019681687
-0.029899329
-0.09153699
-0.023727788
0.042171843
0.0017859348
0.0076502915
-0.0069654183
-0.009535122
-0.015771853
-0.03132131
0.028317861
-0.02910936
0.019692497
-0.0092687
0.010675807
0.031718593
0.010616655
0.042700633
0.0618545
0.007428784
-0.02127189
0.021295756
0.015311029
0.047763024
0.008460027
0.025117353
-0.0063968515
-0.0019133829
-0.03249822
-0.0054626
-0.02401653
-0.059922814
0.018617226
-0.033130296
0.072296225
-0.013910391
0.0017730058
-0.017189069
0.010511477
-0.008893146
-0.039991494
0.011707778
0.050923806
-0.02301996
-0.040349703
-0.048236635
-0.017540958
0.0015984948
0.02402701
-0.035614327
-0.0074779703
0.044614624
0.02302702
-0.040815186
0.031066583
-0.023719206
-0.009623497
-0.035539873
0.025188714
-0.053762432
-0.01048264
0.0009448318
-0.008526897
-0.0348998
-0.024488417
0.0014861105
-0.0063668936
-0.027531283
0.024543751
0.020701582
-0.04135077
-0.038711865
-0.034862973
-0.04714891
-0.035495177
0.034634892
0.031583067
-0.0036988975
-0.018160043
-0.029587153
0.0075957207
0.04157217
-0.06357076
-0.018364588
-0.032253075
0.0520276
-0.022673516
-0.021593465
-0.03754381
0.012750696
-0.03952462
-0.004671603
0.02923805
-0.018185498
-0.005596285
-0.010878891
0.00054983894
0.06725444
0.032436572
0.039199706
-0.033228554
0.06412977
0.036452807
0.005491197
0.029978419
0.014464189
0.025667392
0.04597227
-0.03228313
0.03141987
-0.029849106
-0.011497582
0.029676748
-0.0011287876
-0.016489767
-0.044334967
-0.021551745
0.015900329
-0.0036865945
0.016114572
0.06289747
0.013891613
-0.0047539757
-0.05115398
0.03170082
-0.07621464
-0.0021437877
-0.035595916
-0.03504107
-0.05019154
0.019514123
0.0069017415
-0.017582485
0.058221027
0.021049548
0.049391694
0.02439766
-0.007199865
0.04358167
0.0129886335
0.0064880825
-0.026959745
0.025247993
0.022888172
-0.011119904
-9.683061e-05
-0.04695058
-0.041610435
-0.048998784
0.068556145
0.0025232378
0.01667687
0.035211056
0.004370071
-0.031663276
-0.049821746
0.02682266
0.026063785
0.042900003
0.019972233
0.020897178
-0.046209786
-0.044060737
-0.01891316
-0.0046127955
-0.034844138
0.033078324
0.004560868
0.027567543
0.03263446
0.0003339873
-0.05453961
-0.0032411271
-0.033031464
-0.04380873
0.0088916505
-0.025852244
0.016631577
0.010359492
0.07729059
0.041611325
0.021110151
-0.010339833
0.014544447
0.076274015
-0.034257516
0.0022720865
0.036469933
0.013563349
0.089870155
0.013126974
-0.030544369
-0.006995037
0.013126174
0.0093901865
-4.4924245e-06
0.022076337
0.0013744403
0.08497604
-0.003680406
-0.016239055
0.00365319
-0.0045470665
-0.01591682
0.01817717
0.013240876
-0.0141868405
0.08028779
0.0581302
-0.01691928
-0.014645608
-0.016984506
-0.02062289
-0.044977758
-0.056537375
-0.038339905
-0.02662204
0.0012668686
0.06679335
0.023322016
-0.003986244
-0.009008522
0.045409746
-0.010079323
-0.048252102
0.016076706
0.08399008
0.009640332
-0.027990293
-0.011217311
-0.016570052
-0.025280008
-0.010151658
0.027539534
0.018858599
-0.026384166
0.030898208
0.020048726
-0.061584916
-0.05781799
-0.014479514
0.017339835
-0.021933913
-0.043989576
-0.016394721
-0.059812546
0.00372644
-0.00057958555
-0.021327319
-0.0039415783
-0.0132610835
-0.054593462
-0.019323075
-0.0051762885
-0.06462759
-0.013013779
0.021949135
-0.033319946
0.02712643
0.022625549
0.039792363
0.020329306
-0.058376264
-0.0034525425
-0.041163832
0.005045239
0.022774616
-0.0031054963
0.03181606
0.005470311
0.0034358772
0.020160137
-0.026183909
0.06018291
-0.018415436
-0.02988089
-0.047894526
0.004665045
0.01627553
-0.017600305
-0.01844086
-0.004167537
-0.014629854
-0.0016393556
0.028484382
-0.008293339
0.04465059
-0.031609353
0.0021314432
0.031523526
0.0129724145
-0.054295465
-0.02363235
-0.039586835
0.026844753
0.013122926
0.064170495
-0.045691058
-0.0030346913
0.06876669
-0.038793545
-0.015224304
0.051979832
-0.016924687
0.028853897
0.0062233605
0.033937618
0.00926621
0.013721648
-0.012549304
0.005500609
0.017147735
-0.019159146
0.0057522845
-0.0029381171
0.034824688
-0.019256204
-0.07546292
-0.04416582
-0.036005784
-0.0051643103
0.026459513
0.03853977
0.005474823
-0.030789072
-0.01672956
0.019301224
-0.01577153
-0.006299503
0.040184952
0.036998235
-0.00050797156
-0.023022478
-0.022360887
-0.0027926513
-0.059390243
0.0065325173
0.017912712
0.0013010693
-0.034772653
-0.0012432435
-0.004224558
-0.015153983
0.0051396806
-0.03479201
0.011554657
-0.00045529657
-0.020802557
0.02601355
0.019899787
0.004358223
0.041290004
-0.037244033
-0.0036456052
-0.004891033
0.017757788
0.03269968
-0.027117759
-0.018701294
0.061387796
-0.011944768
-0.03085126
0.025751645
0.005510538
0.005555418
-0.055414308
0.040309764
-0.0075028427
-0.02234801
0.022144388
0.07006694
-0.006633962
0.039103676
0.043586176
-0.017041652
0.02216702
0.025431577
0.051932022
-0.05095718
0.031644188
-0.012755018
-0.018836103
0.018276623
-0.029827885
0.01809974
0.0390523
-0.05648519
0.028416581
-0.032166984
-0.0052102967
-0.0376635
0.030390723
0.006431896
-0.02328795
-0.0048371013
0.042136822
0.020797921
-0.024712734
-0.01828593
0.0151714
0.0057667233
-0.052177288
0.04403254
-0.009965404
0.012674355
0.00031446846
-0.0017183118
-0.043928098
0.06259675
0.0072839167
0.03369488
-0.009998561
-0.0068972125
0.016209863
0.0015621675
-0.003462798
-0.026519675
0.03415031
0.03580845
-0.069618315
0.008063077
0.03253217
-0.026552359
-0.023427812
-0.022645643
-0.0024141173
-0.018717647
0.023858171
0.00998017
-0.03548556
-0.0050453157
0.007407067
-0.0048542493
-0.019961406
-0.044191245
-0.040342793
-0.005062379
-0.0078067174
0.052357007
-0.004126812
0.030215314
-0.055822294
0.0062493947
-0.035098113
-0.033023275
-0.008439469
0.0058430154
0.020755813
-0.02648383
-0.03570302
-0.035955776
-0.00022532491
-0.07010377
-0.013951749
0.0027313533
0.03227267
0.017055256
0.072843835
-0.032451086
0.035505697
0.04261687
0.018670637
-0.026414799
-0.002433297
-0.005090453
-0.009229709
-0.006634443
0.016014246
0.020142864
0.005531265
0.016170103
0.02236563
-0.03396947
-0.028268404
-0.023932131
0.043628793
0.07058577
0.046778966
-0.013403143
-0.0440963
-0.08859011
0.043050736
0.025576558
0.065500535
0.011616435
-0.023266533
-0.02385282
0.00084211817
-0.04734647
0.053692814
0.027817408
-0.05071704
-0.0031347228
-0.04377324
-0.0019240666
0.0063839727
-0.015847858
-0.005899628
0.012863474
0.044663254
0.02973786
-0.025214221
-0.01923133
-0.044927098
-0.009591305
0.15979445
-0.0036380298
0.0014893364
0.008788352
-0.024339829
0.0010485443
0.02502182
-0.024500208
-0.01748128
-0.045268256
-0.023310086
-0.031827107
0.012983307
0.03405779
0.029943679
0.022627113
-0.0051576574
-0.029535634
0.0067430623
-0.04731243
-0.05171399
0.03864089
-0.07415205
0.021056667
0.01584925
0.018162478
-0.0050387247
0.0033262142
0.01882051
0.038971454
-0.032218907
-0.058450323
-0.007443481
-0.04224452
-0.0023888345
0.020865092
0.05696962
-0.0011796341
-0.01395436
0.050854366
0.022813937
-0.0030827876
-0.05916998
0.010491903
0.008025396
-0.016493889
-0.015926423
-0.046980765
-0.007283672
0.031172944
0.04313069
-0.052609548
0.0325806
-0.024575783
0.022807837
-0.049806967
-0.0048865224
-0.02908506
0.010287963
0.045828152
0.0038808396
-0.04222331
0.040434264
0.060425088
0.039375875
-0.015054043
-0.002504623
-0.011296645
-0.015785286
0.04401521
-0.002193721
0.021798331
-0.0687674
0.013400477
0.012790788
0.02162395
-0.024792774
0.048901416
0.02239603
0.0026374417
-0.012457723
0.005083683
0.012171097
0.046399787
0.06854711
-0.033519745
-0.029823486
-0.007620499
0.035691645
0.017913599
0.044761185
0.0042992802
-0.00032232478
0.0067450623
0.01825479
0.05037944
-0.037389744
-0.03611831
0.013359158
0.053827196
-0.040026296
0.027730906
0.04209541
0.009120387
0.03406762
-0.0764087
0.017574495
0.027264468
-0.038931616
-0.0012684943
0.0022344308
-0.0012767396
0.010458769
-0.022356307
-0.018716764
-0.039951656
-0.022381116
0.034349095
-0.022927836
0.019290997
0.0467729
0.05867233
0.053414997
-0.014503917
0.0016513373
-0.04515596
-0.0067480495
-0.08089604
0.048061043
-0.007189406
0.036268104
0.019924344
0.036502555
0.030837044
-0.010720083
-0.035115235
0.03315083
-0.01174162
-0.009715159
-0.010759807
-0.042749602
0.0023731976
-0.009916018
-0.024447212
-0.0032155875
0.008411065
-0.03533755
0.057867
0.03374
0.013112748
-0.050749734
-0.0031567414
0.024382431
-0.048670806
0.020087114
0.0249609
-0.032592513
0.026697032
0.021879256
0.05298948
0.019719247
0.0029142085
-0.011009066
0.046383012
-0.05515361
0.054316416
-0.050447475
-0.0031493795
-0.03717091
-0.0056030606
-0.00045288473
-0.017358785
-0.00977226
-0.008576046
-0.022435253
-0.036089614
-0.011715823
-0.04099344
-0.01843206
0.044725496
-0.0070706345
0.01895332
-0.058127757
-0.017584335
0.027761962
-0.05931864
0.01644905
0.0071304664
0.044196893
-0.05950089
-0.007001857
0.011217001
-0.03395602
-0.024126247
-0.007076146
0.015776021
-0.018657671
0.016253024
0.011604398
-0.06997641
-0.0059396373
0.049782373
0.022512546
-0.0021145903
0.0063741175
0.024247438
-0.074992895
0.016277011
-0.0022453542
0.02919851
-0.06515113
-0.02328493
-0.016111672
-0.011447074
0.013861727
0.0009836183
-0.03130998
0.059175007
0.021006214
-0.044348475
-0.042783894
-0.032822814
-0.038581014
-0.036996495
0.050085336
0.022983566
0.0025183388
-0.010113062
0.018749345
-0.019154472
0.033299785
-0.028167726
-0.004841794
-0.020696806
0.012218846
-0.025420163
-0.011814667
0.017080689
0.045502998
-0.015324649
-0.0107229855
-0.011923282
0.013645486
-0.01708324
0.014967725
-0.01603928
-0.031921305
-0.012740548
-0.002291532
-0.02450932
0.035736963
-0.0004505188
0.02223546
0.0174631
-0.011516656
-0.0031373946
-0.027338415
0.016314335
-0.037106063
-0.020293
0.039296757
0.049013402
0.028119162
-0.0057424842
0.0073385774
0.033067245
0.057541016
0.009418194
-0.0036710459
-0.03294495
0.037633643
0.03854241
0.014649093
-0.005186011
-0.01918507
-0.032256708
-0.050947618
-2.2750928e-05
0.037131973
0.036555547
0.011338117
0.028218362
-0.00322341
0.030730315
0.0260544
0.031953823
0.00014555888
0.0027730002
0.003154262
6.4896965e-05
0.040776964
0.010882809
0.05943589
-0.054328702
0.0042255484
-0.0358422
0.028726539
0.0060960185
-0.03654678
0.003866434
-0.006586516
0.0044957506
0.019804845
0.012964083
-0.028793303
-0.024241867
-0.048143946
0.047387253
0.04307633
-0.00042356533
-0.033971168
0.051807784
0.013791547
0.024879875
0.038051434
0.025002113
0.027363671
0.0091228
-0.0073385914
-0.011399927
0.009829651
0.0049294704
-0.0074270237
0.022771219
0.021122674
0.02342085
-0.0099931145
